0 0 1 0 0 1398296260911174 1398296260913891 2717 1
2717 0 1 0 0 1398296260913891 1398296260925429 11538 5
14255 0 1 0 0 1398296260925429 1398296260947016 21587 1
35843 0 1 0 0 1398296260947017 1398296260976085 29068 5
64911 0 1 0 0 1398296260976085 1398296261002057 25972 1
90883 0 1 0 0 1398296261002057 1398296261015816 13759 5
109655 0 1 0 0 1398296261020829 1398296261028831 8002 1
121462 0 1 0 0 1398296261032636 1398296261038361 5725 5
132924 0 1 0 0 1398296261044098 1398296261048746 4648 2
141943 0 1 0 0 1398296261053117 1398296261055951 2834 5
150707 0 1 0 0 1398296261061881 1398296261068750 6869 1
161780 0 1 0 0 1398296261072954 1398296261076721 3767 5
168527 0 1 0 0 1398296261079701 1398296261084009 4308 1
180266 0 1 0 0 1398296261091440 1398296261100364 8924 5
194867 0 1 0 0 1398296261106041 1398296261112307 6266 1
209951 0 1 0 0 1398296261121125 1398296261128050 6925 5
224749 0 1 0 0 1398296261135923 1398296261141569 5646 1
239226 0 1 0 0 1398296261150400 1398296261165551 15151 5
261443 0 1 0 0 1398296261172617 1398296261180146 7529 2
279382 0 1 0 0 1398296261190556 1398296261198415 7859 5
295052 0 1 0 0 1398296261206226 1398296261216683 10457 1
313336 0 1 0 0 1398296261224510 1398296261232348 7838 5
329015 0 1 0 0 1398296261240189 1398296261248021 7832 1
347320 0 1 0 0 1398296261258494 1398296261268924 10430 5
365631 0 1 0 0 1398296261276805 1398296261284645 7840 1
381311 0 1 0 0 1398296261292485 1398296261300313 7828 5
396973 0 1 0 0 1398296261308147 1398296261312858 4711 1
410038 0 1 0 0 1398296261321212 1398296261328710 7498 5
425707 0 1 0 0 1398296261336881 1398296261344731 7850 2
441385 0 1 0 0 1398296261352559 1398296261360234 7675 5
454483 0 1 0 0 1398296261365657 1398296261373513 7856 1
469082 0 1 0 0 1398296261380256 1398296261383789 3533 5
483254 0 1 0 0 1398296261394428 1398296261404427 9999 1
498967 0 1 0 0 1398296261410141 1398296261417920 7779 5
517186 0 1 0 0 1398296261428360 1398296261440554 12194 1
535404 0 1 0 0 1398296261446578 1398296261456582 10004 5
559018 0 1 0 0 1398296261470192 1398296261480662 10470 1
576023 0 1 0 0 1398296261487197 1398296261488844 1647 5
585151 0 1 0 0 1398296261496325 1398296261504763 8438 2
597270 0 1 0 0 1398296261508444 1398296261513076 4632 5
611175 0 1 0 0 1398296261522349 1398296261525223 2874 1
617652 0 1 0 0 1398296261528826 1398296261532985 4159 5
625041 0 1 0 0 1398296261536215 1398296261540700 4485 1
634742 0 1 0 0 1398296261545916 1398296261552849 6933 5
650398 0 1 0 0 1398296261561572 1398296261569410 7838 1
668744 0 1 0 0 1398296261579918 1398296261590353 10435 5
686757 0 1 0 0 1398296261597931 1398296261608014 10083 1
705304 0 1 0 0 1398296261616478 1398296261624083 7605 5
723237 0 1 0 0 1398296261634411 1398296261642604 8193 2
741880 0 1 0 0 1398296261653054 1398296261659757 6703 5
753303 0 1 0 0 1398296261664477 1398296261671647 7170 1
768668 0 1 0 0 1398296261679842 1398296261688587 8745 5
785036 0 1 0 0 1398296261696210 1398296261705345 9135 1
802167 0 1 0 0 1398296261713341 1398296261717934 4593 5
817686 0 1 0 0 1398296261728860 1398296261741760 12900 1
837308 0 1 0 0 1398296261748482 1398296261754339 5857 5
847522 0 1 0 0 1398296261758696 1398296261765428 6732 1
864556 0 1 0 0 1398296261775730 1398296261781148 5418 5
873390 0 1 0 0 1398296261784564 1398296261793906 9342 2
898680 0 1 0 0 1398296261809854 1398296261817557 7703 5
912747 0 1 0 0 1398296261823921 1398296261830680 6759 1
922218 0 1 0 0 1398296261833392 1398296261841240 7848 5
937899 0 1 0 0 1398296261849073 1398296261856026 6953 1
952788 0 1 0 0 1398296261863962 1398296261874022 10060 5
987588 0 1 0 0 1398296261898762 1398296261900341 1579 1
990325 0 1 0 0 1398296261901499 1398296261904058 2559 5
1002897 0 1 0 0 1398296261914071 1398296261917220 3149 1
1012505 0 1 0 0 1398296261923679 1398296261930111 6432 5
1028101 0 1 0 0 1398296261939275 1398296261944099 4824 2
1040545 0 1 0 0 1398296261951719 1398296261958838 7119 5
1052100 0 1 0 0 1398296261963274 1398296261967432 4158 1
1062996 0 1 0 0 1398296261974170 1398296261982403 8233 5
1084038 0 1 0 0 1398296261995212 1398296262011084 15872 1
1113022 0 1 0 0 1398296262024196 1398296262031842 7646 5
1126588 0 1 0 0 1398296262037762 1398296262044095 6333 1
1137606 0 1 0 0 1398296262048780 1398296262058012 9232 5
1167861 0 1 0 0 1398296262079035 1398296262097345 18310 1
1199220 0 1 0 0 1398296262110394 1398296262122927 12533 5
1220162 0 1 0 0 1398296262131336 1398296262142098 10762 2
1238385 0 1 0 0 1398296262149559 1398296262157207 7648 5
1254113 0 1 0 0 1398296262165287 1398296262178349 13062 1
1274310 0 1 0 0 1398296262185484 1398296262187313 1829 5
1280172 0 1 0 0 1398296262191346 1398296262201417 10071 1
1298484 0 1 0 0 1398296262209658 1398296262217536 7878 5
1319408 0 1 0 0 1398296262230582 1398296262241194 10612 1
1332364 0 1 0 0 1398296262243538 1398296262251389 7851 5
1355832 0 1 0 0 1398296262267006 1398296262280391 13385 1
1377187 0 1 0 0 1398296262288361 1398296262292246 3885 5
1384802 0 1 0 0 1398296262295976 1398296262305182 9206 2
1408114 0 1 0 0 1398296262319288 1398296262331394 12106 5
1426543 0 1 0 0 1398296262337717 1398296262347500 9783 1
1444301 0 1 0 0 1398296262355475 1398296262358220 2745 5
1457913 0 1 0 0 1398296262369087 1398296262387434 18347 1
1489284 0 1 0 0 1398296262400458 1398296262407477 7019 5
1498969 0 1 0 0 1398296262410143 1398296262413530 3387 1
1508413 0 1 0 0 1398296262419587 1398296262426610 7023 5
1524352 0 1 0 0 1398296262435526 1398296262443545 8019 1
1540398 0 1 0 0 1398296262451572 1398296262459555 7983 5
1562445 0 1 0 0 1398296262473619 1398296262487148 13529 2
1584392 0 1 0 0 1398296262495566 1398296262504779 9213 5
1600732 0 1 0 0 1398296262511906 1398296262523251 11345 1
1627598 0 1 0 0 1398296262538772 1398296262544959 6187 5
1636343 0 1 0 0 1398296262547517 1398296262554603 7086 1
1651255 0 1 0 0 1398296262562429 1398296262574980 12551 5
1679809 0 1 0 0 1398296262590983 1398296262598715 7732 1
1693907 0 1 0 0 1398296262605081 1398296262611445 6364 5
1711182 0 1 0 0 1398296262622356 1398296262640889 18533 1
1740042 0 1 0 0 1398296262651216 1398296262655117 3901 5
1750393 0 1 0 0 1398296262661567 1398296262669566 7999 2
1768940 0 1 0 0 1398296262680114 1398296262690514 10400 5
1788848 0 1 0 0 1398296262700022 1398296262720170 20148 1
1831330 0 1 0 0 1398296262742504 1398296262750628 8124 5
1841326 0 1 0 0 1398296262752500 1398296262758452 5952 1
1855103 0 1 0 0 1398296262766277 1398296262770186 3909 5
1861345 0 1 0 0 1398296262772519 1398296262779404 6885 1
1875994 0 1 0 0 1398296262787168 1398296262797672 10504 5
1899568 0 1 0 0 1398296262810742 1398296262818561 7819 1
1915238 0 1 0 0 1398296262826412 1398296262834232 7820 5
1930052 0 1 0 0 1398296262841226 1398296262850003 8777 2
1951763 0 1 0 0 1398296262862937 1398296262871885 8948 5
1967569 0 1 0 0 1398296262878743 1398296262886545 7802 1
1986781 0 1 0 0 1398296262897955 1398296262912663 14708 5
2009307 0 1 0 0 1398296262920481 1398296262926406 5925 1
2024680 0 1 0 0 1398296262935854 1398296262948657 12803 5
2046098 0 1 0 0 1398296262957272 1398296262961483 4211 1
2052855 0 1 0 0 1398296262964029 1398296262974163 10134 5
2076962 0 1 0 0 1398296262988136 1398296262998151 10015 1
2097029 0 1 0 0 1398296263008203 1398296263014593 6390 5
2114040 0 1 0 0 1398296263025214 1398296263039366 14152 2
2135448 0 1 0 0 1398296263046622 1398296263056046 9424 5
2154485 0 1 0 0 1398296263065659 1398296263076751 11092 1
2179189 0 1 0 0 1398296263090363 1398296263096059 5696 5
2192284 0 1 0 0 1398296263103458 1398296263111178 7720 1
2207960 0 1 0 0 1398296263119134 1398296263126953 7819 5
2220932 0 1 0 0 1398296263132106 1398296263140005 7899 1
2236650 0 1 0 0 1398296263147824 1398296263152500 4676 5
2247273 0 1 0 0 1398296263158447 1398296263171352 12905 1
2275898 0 1 0 0 1398296263187072 1398296263200181 13109 5
2298372 0 1 0 0 1398296263209546 1398296263218428 8882 2
2315091 0 1 0 0 1398296263226265 1398296263236414 10149 5
2340384 0 1 0 0 1398296263251558 1398296263258966 7408 1
2351669 0 1 0 0 1398296263262843 1398296263272204 9361 5
2377334 0 1 0 0 1398296263288508 1398296263304359 15851 1
2405184 0 1 0 0 1398296263316358 1398296263325662 9304 5
2416596 0 1 0 0 1398296263327770 1398296263331488 3718 1
2426533 0 1 0 0 1398296263337707 1398296263343957 6250 5
2436510 0 1 0 0 1398296263347684 1398296263360050 12366 1
2465125 0 1 0 0 1398296263376299 1398296263380149 3850 5
2473083 0 1 0 0 1398296263384257 1398296263399177 14920 2
2491975 0 1 0 0 1398296263403149 1398296263405174 2025 5
2508734 0 1 0 0 1398296263419908 1398296263426514 6606 1
2536092 0 1 0 0 1398296263447266 1398296263456160 8894 5
2562345 0 1 0 0 1398296263473519 1398296263486353 12834 1
2581414 0 1 0 0 1398296263492588 1398296263503973 11385 5
2610681 0 1 0 0 1398296263521855 1398296263530152 8297 1
2626964 0 1 0 0 1398296263538138 1398296263546431 8293 5
2642485 0 1 0 0 1398296263553659 1398296263564050 10391 1
2660717 0 1 0 0 1398296263571891 1398296263581984 10093 5
2689415 0 1 0 0 1398296263600589 1398296263609843 9254 2
2701496 0 1 0 0 1398296263612670 1398296263618843 6173 5
2715384 0 1 0 0 1398296263626558 1398296263632103 5545 1
2726414 0 1 0 0 1398296263637588 1398296263642780 5192 5
2734930 0 1 0 0 1398296263646104 1398296263653134 7030 1
2748609 0 1 0 0 1398296263659783 1398296263671077 11294 5
2772299 0 1 0 0 1398296263683473 1398296263692101 8628 1
2789578 0 1 0 0 1398296263700752 1398296263710659 9907 5
2806969 0 1 0 0 1398296263718143 1398296263724124 5981 1
2820026 0 1 0 0 1398296263731200 1398296263739207 8007 5
2832602 0 1 0 0 1398296263743776 1398296263747002 3226 2
2838589 0 1 0 0 1398296263749763 1398296263753980 4217 5
2849385 0 1 0 0 1398296263760559 1398296263767314 6755 1
2860499 0 1 0 0 1398296263771673 1398296263775447 3774 5
2867721 0 1 0 0 1398296263778895 1398296263783477 4582 1
2876635 0 1 0 0 1398296263787809 1398296263793189 5380 5
2884157 0 1 0 0 1398296263795331 1398296263799183 3852 1
2893754 0 1 0 0 1398296263804928 1398296263812380 7452 5
2908183 0 1 0 0 1398296263819357 1398296263822742 3385 1
2914421 0 1 0 0 1398296263825595 1398296263836579 10984 5
2929188 0 1 0 0 1398296263840362 1398296263843629 3267 2
2934323 0 1 0 0 1398296263845497 1398296263855738 10241 5
2956438 0 1 0 0 1398296263867612 1398296263871502 3890 1
2964541 0 1 0 0 1398296263875715 1398296263880561 4846 5
2972107 0 1 0 0 1398296263883281 1398296263891112 7831 1
2995550 0 1 0 0 1398296263906724 1398296263939373 32649 5
3040017 0 1 0 0 1398296263951191 1398296263963851 12660 1
3060144 0 1 0 0 1398296263971318 1398296263984272 12954 5
3076766 0 1 0 0 1398296263987940 1398296263996684 8744 1
3104294 0 1 0 0 1398296264015468 1398296264025886 10418 5
3128057 0 1 0 0 1398296264039231 1398296264051391 12160 2
3146945 0 1 0 0 1398296264058119 1398296264064600 6481 5
3162427 0 1 0 0 1398296264073601 1398296264083658 10057 1
3181227 0 1 0 0 1398296264092401 1398296264100176 7775 5
3201214 0 1 0 0 1398296264112388 1398296264126278 13890 1
3224502 0 1 0 0 1398296264135676 1398296264140822 5146 5
3234185 0 1 0 0 1398296264145359 1398296264152446 7087 1
3246031 0 1 0 0 1398296264157205 1398296264164806 7601 5
3267046 0 1 0 0 1398296264178220 1398296264187940 9720 1
3285532 0 1 0 0 1398296264196706 1398296264203705 6999 5
3302740 0 1 0 0 1398296264213914 1398296264228536 14622 2
3324872 0 1 0 0 1398296264236046 1398296264244599 8553 5
3340712 0 1 0 0 1398296264251886 1398296264254078 2192 1
3347198 0 1 0 0 1398296264258372 1398296264266047 7675 5
3363087 0 1 0 0 1398296264274261 1398296264304068 29807 1
3408979 0 1 0 0 1398296264320153 1398296264333065 12912 5
3425126 0 1 0 0 1398296264336300 1398296264339508 3208 1
3436448 0 1 0 0 1398296264347622 1398296264353779 6157 5
3445574 0 1 0 0 1398296264356748 1398296264361916 5168 1
3456149 0 1 0 0 1398296264367323 1398296264374520 7197 5
3468653 0 1 0 0 1398296264379827 1398296264390556 10729 2
3497353 0 1 0 0 1398296264408527 1398296264416358 7831 5
3515361 0 1 0 0 1398296264426535 1398296264439568 13033 1
3539420 0 1 0 0 1398296264450594 1398296264460616 10022 5
3557416 0 1 0 0 1398296264468590 1398296264476426 7836 1
3573135 0 1 0 0 1398296264484309 1398296264490687 6378 5
3588809 0 1 0 0 1398296264499983 1398296264511990 12007 1
3609051 0 1 0 0 1398296264520225 1398296264528612 8387 5
3625405 0 1 0 0 1398296264536579 1398296264543998 7419 1
3639642 0 1 0 0 1398296264550816 1398296264560060 9244 5
3664545 0 1 0 0 1398296264575719 1398296264591145 15426 2
3688119 0 1 0 0 1398296264599293 1398296264612346 13053 5
3719467 0 1 0 0 1398296264630641 1398296264641088 10447 1
3740363 0 1 0 0 1398296264651537 1398296264669910 18373 5
3779589 0 1 0 0 1398296264690763 1398296264701210 10447 1
3800491 0 1 0 0 1398296264711665 1398296264723848 12183 5
3821391 0 1 0 0 1398296264732565 1398296264740451 7886 1
3839677 0 1 0 0 1398296264750851 1398296264769153 18302 5
3872721 0 1 0 0 1398296264783895 1398296264792698 8803 1
3889272 0 1 0 0 1398296264800446 1398296264810976 10530 5
3907640 0 1 0 0 1398296264818814 1398296264824009 5195 2
3920787 0 1 0 0 1398296264831961 1398296264839711 7750 5
3940747 0 1 0 0 1398296264851921 1398296264868890 16969 1
3967733 0 1 0 0 1398296264878907 1398296264886030 7123 5
3982303 0 1 0 0 1398296264893477 1398296264899907 6430 1
3997929 0 1 0 0 1398296264909103 1398296264915953 6850 5
4013597 0 1 0 0 1398296264924771 1398296264940492 15721 1
4037150 0 1 0 0 1398296264948324 1398296264955994 7670 5
4052788 0 1 0 0 1398296264963962 1398296264971569 7607 1
4068461 0 1 0 0 1398296264979635 1398296264982256 2621 5
4081573 0 1 0 0 1398296264992747 1398296265008420 15673 2
4104917 0 1 0 0 1398296265016091 1398296265024129 8038 5
4133823 0 1 0 0 1398296265044997 1398296265060672 15675 1
4160674 0 1 0 0 1398296265071848 1398296265079896 8048 5
4172650 0 1 0 0 1398296265083824 1398296265086558 2734 1
4183174 0 1 0 0 1398296265094348 1398296265104919 10571 5
4205838 0 1 0 0 1398296265117012 1398296265120738 3726 1
4217258 0 1 0 0 1398296265128432 1398296265136329 7897 5
4227791 0 1 0 0 1398296265138965 1398296265141497 2532 1
4237952 0 1 0 0 1398296265149126 1398296265157148 8022 5
4253819 0 1 0 0 1398296265164993 1398296265172706 7713 2
4268215 0 1 0 0 1398296265179389 1398296265188548 9159 5
4290438 0 1 0 0 1398296265201612 1398296265217284 15672 1
4313949 0 1 0 0 1398296265225123 1398296265232816 7693 5
4329621 0 1 0 0 1398296265240795 1398296265242845 2050 1
4340070 0 1 0 0 1398296265251244 1398296265261688 10444 5
4358376 0 1 0 0 1398296265269550 1398296265277363 7813 1
4374106 0 1 0 0 1398296265285280 1398296265292955 7675 5
4389741 0 1 0 0 1398296265300915 1398296265308770 7855 1
4405348 0 1 0 0 1398296265316522 1398296265324434 7912 5
4421090 0 1 0 0 1398296265332264 1398296265339700 7436 2
4434177 0 1 0 0 1398296265345351 1398296265353165 7814 5
4448545 0 1 0 0 1398296265359719 1398296265368840 9121 1
4465493 0 1 0 0 1398296265376667 1398296265384564 7897 5
4486454 0 1 0 0 1398296265397628 1398296265405429 7801 1
4502113 0 1 0 0 1398296265413287 1398296265428993 15706 5
4533463 0 1 0 0 1398296265444637 1398296265457693 13056 1
4554358 0 1 0 0 1398296265465532 1398296265473441 7909 5
4577918 0 1 0 0 1398296265489092 1398296265499958 10866 1
4598786 0 1 0 0 1398296265509960 1398296265517824 7864 5
4614495 0 1 0 0 1398296265525669 1398296265533500 7831 2
4628814 0 1 0 0 1398296265539988 1398296265548929 8941 5
4648443 0 1 0 0 1398296265559617 1398296265570041 10424 1
4666808 0 1 0 0 1398296265577982 1398296265585801 7819 5
4684982 0 1 0 0 1398296265596156 1398296265611427 15271 1
4708095 0 1 0 0 1398296265619269 1398296265621886 2617 5
4718544 0 1 0 0 1398296265629718 1398296265637547 7829 1
4732668 0 1 0 0 1398296265643842 1398296265653165 9323 5
4749879 0 1 0 0 1398296265661053 1398296265668910 7857 1
4764906 0 1 0 0 1398296265676080 1398296265683976 7896 5
4781054 0 1 0 0 1398296265692228 1398296265700324 8096 2
4803508 0 1 0 0 1398296265714682 1398296265724023 9341 5
4820447 0 1 0 0 1398296265731621 1398296265739499 7878 1
4836156 0 1 0 0 1398296265747330 1398296265755193 7863 5
4849231 0 1 0 0 1398296265760405 1398296265768098 7693 1
4870163 0 1 0 0 1398296265781337 1398296265797013 15676 5
4892979 0 1 0 0 1398296265804153 1398296265807627 3474 1
4899804 0 1 0 0 1398296265810978 1398296265820530 9552 5
4924605 0 1 0 0 1398296265835779 1398296265843903 8124 1
4940665 0 1 0 0 1398296265851839 1398296265864905 13066 5
4961566 0 1 0 0 1398296265872740 1398296265875413 2673 2
4974681 0 1 0 0 1398296265885855 1398296265901519 15664 5
5000792 0 1 0 0 1398296265911966 1398296265919804 7838 1
5016464 0 1 0 0 1398296265927638 1398296265935477 7839 5
5034745 0 1 0 0 1398296265945919 1398296265953761 7842 1
5044758 0 1 0 0 1398296265955932 1398296265964213 8281 5
5060882 0 1 0 0 1398296265972056 1398296265979937 7881 1
5076598 0 1 0 0 1398296265987772 1398296265995612 7840 5
5092265 0 1 0 0 1398296266003439 1398296266006025 2586 1
5102716 0 1 0 0 1398296266013890 1398296266021732 7842 5
5118387 0 1 0 0 1398296266029561 1398296266036048 6487 2
5134079 0 1 0 0 1398296266045253 1398296266058223 12970 5
5158303 0 1 0 0 1398296266069477 1398296266076649 7172 1
5173296 0 1 0 0 1398296266084470 1398296266092336 7866 5
5188964 0 1 0 0 1398296266100138 1398296266107980 7842 1
5197578 0 1 0 0 1398296266108752 1398296266115813 7061 5
5212523 0 1 0 0 1398296266123697 1398296266134103 10406 1
5237861 0 1 0 0 1398296266149035 1398296266157620 8585 5
5256915 0 1 0 0 1398296266168089 1398296266175427 7338 1
5272605 0 1 0 0 1398296266183779 1398296266191618 7839 5
5290651 0 1 0 0 1398296266201825 1398296266212581 10756 2
5308960 0 1 0 0 1398296266220134 1398296266228220 8086 5
5324497 0 1 0 0 1398296266235671 1398296266243863 8192 1
5343164 0 1 0 0 1398296266254338 1398296266264784 10446 5
5361479 0 1 0 0 1398296266272653 1398296266285708 13055 1
5382367 0 1 0 0 1398296266293541 1398296266301417 7876 5
5398041 0 1 0 0 1398296266309215 1398296266316947 7732 1
5421656 0 1 0 0 1398296266332830 1398296266348743 15913 5
5452884 0 1 0 0 1398296266364058 1398296266377117 13059 1
5473877 0 1 0 0 1398296266385051 1398296266390245 5194 5
5486892 0 1 0 0 1398296266398066 1398296266405906 7840 2
5502568 0 1 0 0 1398296266413742 1398296266420562 6820 5
5518238 0 1 0 0 1398296266429412 1398296266436981 7569 1
5533918 0 1 0 0 1398296266445092 1398296266452925 7833 5
5549407 0 1 0 0 1398296266460581 1398296266468601 8020 1
5562690 0 1 0 0 1398296266473864 1398296266480645 6781 5
5576228 0 1 0 0 1398296266487402 1398296266497104 9702 1
5594058 0 1 0 0 1398296266505232 1398296266512493 7261 5
5609512 0 1 0 0 1398296266520686 1398296266526102 5416 1
5622773 0 1 0 0 1398296266533947 1398296266544396 10449 5
5641059 0 1 0 0 1398296266552233 1398296266560066 7833 2
5659548 0 1 0 0 1398296266570722 1398296266593923 23201 5
5709333 0 1 0 0 1398296266620507 1398296266628061 7554 1
5721464 0 1 0 0 1398296266632638 1398296266640807 8169 5
5737823 0 1 0 0 1398296266648997 1398296266656768 7771 1
5753431 0 1 0 0 1398296266664605 1398296266672452 7847 5
5769221 0 1 0 0 1398296266680395 1398296266688163 7768 1
5787443 0 1 0 0 1398296266698617 1398296266706451 7834 5
5803112 0 1 0 0 1398296266714286 1398296266720937 6651 1
5818784 0 1 0 0 1398296266729958 1398296266737801 7843 5
5834458 0 1 0 0 1398296266745632 1398296266753470 7838 2
5849803 0 1 0 0 1398296266760977 1398296266769141 8164 5
5863215 0 1 0 0 1398296266774389 1398296266780527 6138 1
5878912 0 1 0 0 1398296266790086 1398296266797939 7853 5
5894617 0 1 0 0 1398296266805791 1398296266813599 7808 1
5910284 0 1 0 0 1398296266821458 1398296266829279 7821 5
5923188 0 1 0 0 1398296266834362 1398296266842337 7975 1
5938926 0 1 0 0 1398296266850100 1398296266858007 7907 5
5953075 0 1 0 0 1398296266864249 1398296266873701 9452 1
5974551 0 1 0 0 1398296266885725 1398296266896490 10765 5
5993924 0 1 0 0 1398296266905098 1398296266912912 7814 2
6010781 0 1 0 0 1398296266921955 1398296266928570 6615 5
6024350 0 1 0 0 1398296266935524 1398296266936674 1150 1
6032923 0 1 0 0 1398296266944097 1398296266954121 10024 5
6051368 0 1 0 0 1398296266962542 1398296266970103 7561 1
6067098 0 1 0 0 1398296266978272 1398296266988741 10469 5
6085386 0 1 0 0 1398296266996560 1398296267004208 7648 1
6103038 0 1 0 0 1398296267014212 1398296267022679 8467 5
6119340 0 1 0 0 1398296267030514 1398296267038351 7837 1
6129797 0 1 0 0 1398296267040971 1398296267048796 7825 5
6145456 0 1 0 0 1398296267056630 1398296267064423 7793 2
6161143 0 1 0 0 1398296267072317 1398296267080278 7961 5
6179466 0 1 0 0 1398296267090640 1398296267101088 10448 1
6197747 0 1 0 0 1398296267108921 1398296267116765 7844 5
6213323 0 1 0 0 1398296267124497 1398296267127240 2743 1
6223486 0 1 0 0 1398296267134660 1398296267142893 8233 5
6239545 0 1 0 0 1398296267150719 1398296267158555 7836 1
6253518 0 1 0 0 1398296267164692 1398296267173130 8438 5
6269750 0 1 0 0 1398296267180924 1398296267188703 7779 1
6283639 0 1 0 0 1398296267194813 1398296267201494 6681 5
6298223 0 1 0 0 1398296267209397 1398296267217098 7701 2
6313622 0 1 0 0 1398296267224796 1398296267234807 10011 5
6333653 0 1 0 0 1398296267244827 1398296267253178 8351 1
6351951 0 1 0 0 1398296267263125 1398296267270975 7850 5
6370112 0 1 0 0 1398296267281286 1398296267288711 7425 1
6383758 0 1 0 0 1398296267294932 1398296267301802 6870 5
6398323 0 1 0 0 1398296267309497 1398296267317200 7703 1
6418849 0 1 0 0 1398296267330023 1398296267344687 14664 5
6447091 0 1 0 0 1398296267358265 1398296267371026 12761 1
6467635 0 1 0 0 1398296267378809 1398296267389081 10272 5
6485635 0 1 0 0 1398296267396809 1398296267401911 5102 2
6498415 0 1 0 0 1398296267409589 1398296267417289 7700 5
6511264 0 1 0 0 1398296267422438 1398296267429869 7431 1
6526466 0 1 0 0 1398296267437640 1398296267444837 7197 5
6541875 0 1 0 0 1398296267453049 1398296267460636 7587 1
6559992 0 1 0 0 1398296267471166 1398296267478914 7748 5
6570370 0 1 0 0 1398296267481544 1398296267489165 7621 1
6585689 0 1 0 0 1398296267496863 1398296267504956 8093 5
6603642 0 1 0 0 1398296267514816 1398296267524229 9413 1
6619116 0 1 0 0 1398296267530290 1398296267543089 12799 5
6643910 0 1 0 0 1398296267555084 1398296267563576 8492 2
6659653 0 1 0 0 1398296267570827 1398296267579010 8183 5
6685787 0 1 0 0 1398296267596961 1398296267607274 10313 1
6706305 0 1 0 0 1398296267617479 1398296267627787 10308 5
6726844 0 1 0 0 1398296267638018 1398296267658546 20528 1
6767932 0 1 0 0 1398296267679106 1398296267697072 17966 5
6796125 0 1 0 0 1398296267707299 1398296267711292 3993 1
6806408 0 1 0 0 1398296267717582 1398296267725271 7689 5
6820117 0 1 0 0 1398296267731291 1398296267738114 6823 1
6834619 0 1 0 0 1398296267745793 1398296267758621 12828 5
6859857 0 1 0 0 1398296267771031 1398296267779216 8185 2
6875727 0 1 0 0 1398296267786901 1398296267797152 10251 5
6896534 0 1 0 0 1398296267807708 1398296267817498 9790 1
6922057 0 1 0 0 1398296267833231 1398296267858875 25644 5
6968162 0 1 0 0 1398296267879336 1398296267893978 14642 1
6998768 0 1 0 0 1398296267909942 1398296267922976 13034 5
7019199 0 1 0 0 1398296267930373 1398296267938306 7933 1
7035924 0 1 0 0 1398296267947098 1398296267953714 6616 5
7050205 0 1 0 0 1398296267961379 1398296267971421 10042 1
7070307 0 1 0 0 1398296267981481 1398296267989650 8169 5
7085860 0 1 0 0 1398296267997034 1398296268004242 7208 2
7103070 0 1 0 0 1398296268014244 1398296268022991 8747 5
7113089 0 1 0 0 1398296268024263 1398296268030697 6434 1
7127207 0 1 0 0 1398296268038381 1398296268051214 12833 5
7157775 0 1 0 0 1398296268068949 1398296268087206 18257 1
7191428 0 1 0 0 1398296268102602 1398296268115424 12822 5
7227519 0 1 0 0 1398296268138693 1398296268154966 16273 1
7260716 0 1 0 0 1398296268171890 1398296268186660 14770 5
7282789 0 1 0 0 1398296268193963 1398296268201043 7080 1
7296671 0 1 0 0 1398296268207845 1398296268215599 7754 5
7314415 0 1 0 0 1398296268225589 1398296268236037 10448 2
7328172 0 1 0 0 1398296268239346 1398296268246121 6775 5
7342810 0 1 0 0 1398296268253984 1398296268266820 12836 1
7368206 0 1 0 0 1398296268279380 1398296268287411 8031 5
7383904 0 1 0 0 1398296268295078 1398296268305145 10067 1
7404433 0 1 0 0 1398296268315607 1398296268325837 10230 5
7427490 0 1 0 0 1398296268338664 1398296268346362 7698 1
7442915 0 1 0 0 1398296268354089 1398296268366884 12795 5
7465768 0 1 0 0 1398296268376942 1398296268379495 2553 1
7476323 0 1 0 0 1398296268387497 1398296268407977 20480 5
7514769 0 1 0 0 1398296268425943 1398296268436199 10256 2
7535280 0 1 0 0 1398296268446454 1398296268454151 7697 5
7555804 0 1 0 0 1398296268466978 1398296268479624 12646 1
7576378 0 1 0 0 1398296268487552 1398296268495248 7696 5
7596898 0 1 0 0 1398296268508072 1398296268525862 17790 1
7625117 0 1 0 0 1398296268536291 1398296268546552 10261 5
7643130 0 1 0 0 1398296268554304 1398296268567076 12772 1
7668582 0 1 0 0 1398296268579756 1398296268587646 7890 5
7684170 0 1 0 0 1398296268595344 1398296268608168 12824 1
7714951 0 1 0 0 1398296268626125 1398296268636389 10264 5
7735194 0 1 0 0 1398296268646368 1398296268654280 7912 2
7756000 0 1 0 0 1398296268667174 1398296268679893 12719 5
7776630 0 1 0 0 1398296268687804 1398296268695310 7506 1
7797092 0 1 0 0 1398296268708266 1398296268724864 16598 5
7820849 0 1 0 0 1398296268732023 1398296268739225 7202 1
7835599 0 1 0 0 1398296268746773 1398296268754445 7672 5
7853559 0 1 0 0 1398296268764733 1398296268771212 6479 1
7868929 0 1 0 0 1398296268780103 1398296268795536 15433 5
7897186 0 1 0 0 1398296268808360 1398296268816061 7701 1
7915167 0 1 0 0 1398296268826341 1398296268836592 10251 5
7935666 0 1 0 0 1398296268846840 1398296268854538 7698 2
7956189 0 1 0 0 1398296268867363 1398296268887942 20579 5
7992181 0 1 0 0 1398296268903355 1398296268910238 6883 1
8009070 0 1 0 0 1398296268920244 1398296268936676 16432 5
8035763 0 1 0 0 1398296268946937 1398296268954634 7697 1
8056285 0 1 0 0 1398296268967459 1398296268980348 12889 5
8076858 0 1 0 0 1398296268988032 1398296269000363 12331 1
8105076 0 1 0 0 1398296269016250 1398296269024718 8468 5
8125599 0 1 0 0 1398296269036773 1398296269054736 17963 1
8156381 0 1 0 0 1398296269067555 1398296269080437 12882 5
8177025 0 1 0 0 1398296269088199 1398296269090502 2303 2
8189324 0 1 0 0 1398296269100498 1398296269108659 8161 5
8205176 0 1 0 0 1398296269116350 1398296269126607 10257 1
8219359 0 1 0 0 1398296269130533 1398296269136872 6339 5
8235958 0 1 0 0 1398296269147132 1398296269154828 7696 1
8256479 0 1 0 0 1398296269167653 1398296269188226 20573 5
8297554 0 1 0 0 1398296269208728 1398296269226705 17977 1
8325792 0 1 0 0 1398296269236966 1398296269240691 3725 5
8335830 0 1 0 0 1398296269247004 1398296269254921 7917 1
8356575 0 1 0 0 1398296269267749 1398296269280812 13063 5
8375907 0 1 0 0 1398296269287081 1398296269290801 3720 2
8389603 0 1 0 0 1398296269300777 1398296269316544 15767 5
8416879 0 1 0 0 1398296269328053 1398296269339966 11913 1
8440021 0 1 0 0 1398296269351195 1398296269360215 9020 5
8456562 0 1 0 0 1398296269367736 1398296269380735 12999 1
8484697 0 1 0 0 1398296269395871 1398296269408951 13080 5
8508009 0 1 0 0 1398296269419183 1398296269426921 7738 1
8528558 0 1 0 0 1398296269439732 1398296269460258 20526 5
8569655 0 1 0 0 1398296269480829 1398296269491753 10924 1
8587619 0 1 0 0 1398296269498793 1398296269509042 10249 5
8608142 0 1 0 0 1398296269519316 1398296269527019 7703 2
8628663 0 1 0 0 1398296269539837 1398296269556833 16996 5
8653632 0 1 0 0 1398296269564806 1398296269572246 7440 1
8669857 0 1 0 0 1398296269581031 1398296269588725 7694 5
8687806 0 1 0 0 1398296269598980 1398296269609243 10263 1
8708329 0 1 0 0 1398296269619503 1398296269632366 12863 5
8736545 0 1 0 0 1398296269647719 1398296269660548 12829 1
8757058 0 1 0 0 1398296269668232 1398296269681128 12896 5
8798178 0 1 0 0 1398296269709352 1398296269727323 17971 1
8828950 0 1 0 0 1398296269740124 1398296269748675 8551 5
8853099 0 1 0 0 1398296269764273 1398296269781281 17008 2
8888002 0 1 0 0 1398296269799176 1398296269809264 10088 5
8901542 0 1 0 0 1398296269812716 1398296269819699 6983 1
8916112 0 1 0 0 1398296269827286 1398296269840235 12949 5
8941556 0 1 0 0 1398296269852730 1398296269860741 8011 1
8957238 0 1 0 0 1398296269868412 1398296269881288 12876 5
8988075 0 1 0 0 1398296269899249 1398296269909630 10381 1
9008443 0 1 0 0 1398296269919617 1398296269927459 7842 5
9022189 0 1 0 0 1398296269933363 1398296269939762 6399 1
9036000 0 1 0 0 1398296269947174 1398296269955721 8547 5
9052450 0 1 0 0 1398296269963624 1398296269969637 6013 2
9068526 0 1 0 0 1398296269979700 1398296269989070 9370 5
9087528 0 1 0 0 1398296269998702 1398296270004603 5901 1
9094813 0 1 0 0 1398296270005987 1398296270013561 7574 5
9113400 0 1 0 0 1398296270024574 1398296270029577 5003 1
9128670 0 1 0 0 1398296270039844 1398296270055400 15556 5
9154741 0 1 0 0 1398296270065915 1398296270073677 7762 1
9175396 0 1 0 0 1398296270086570 1398296270095493 8923 5
9195922 0 1 0 0 1398296270107096 1398296270126074 18978 1
9229331 0 1 0 0 1398296270140505 1398296270147659 7154 5
9248044 0 1 0 0 1398296270159218 1398296270173536 14318 2
9272398 0 1 0 0 1398296270183572 1398296270193582 10010 5
9292453 0 1 0 0 1398296270203627 1398296270212316 8689 1
9308867 0 1 0 0 1398296270220041 1398296270231861 11820 5
9329373 0 1 0 0 1398296270240547 1398296270253365 12818 1
9356977 0 1 0 0 1398296270268151 1398296270272641 4490 5
9370487 0 1 0 0 1398296270281661 1398296270295001 13340 1
9396943 0 1 0 0 1398296270308117 1398296270317543 9426 5
9414076 0 1 0 0 1398296270325250 1398296270338071 12821 1
9437017 0 1 0 0 1398296270348191 1398296270358171 9980 5
9456997 0 1 0 0 1398296270368171 1398296270378240 10069 2
9473126 0 1 0 0 1398296270384300 1398296270388254 3954 5
9483383 0 1 0 0 1398296270394557 1398296270404818 10261 1
9503176 0 1 0 0 1398296270414350 1398296270425338 10988 5
9524593 0 1 0 0 1398296270435767 1398296270446375 10608 1
9549588 0 1 0 0 1398296270460762 1398296270468605 7843 5
9565523 0 1 0 0 1398296270476697 1398296270488668 11971 1
9586042 0 1 0 0 1398296270497216 1398296270507479 10263 5
9606601 0 1 0 0 1398296270517775 1398296270528001 10226 1
9640648 0 1 0 0 1398296270551822 1398296270572875 21053 5
9673236 0 1 0 0 1398296270584410 1398296270592169 7759 2
9689885 0 1 0 0 1398296270601059 1398296270612688 11629 5
9714076 0 1 0 0 1398296270625250 1398296270633239 7989 1
9734101 0 1 0 0 1398296270645275 1398296270663991 18716 5
9773352 0 1 0 0 1398296270684526 1398296270695443 10917 1
9794206 0 1 0 0 1398296270705380 1398296270725402 20022 5
9834246 0 1 0 0 1398296270745420 1398296270764085 18665 1
9861879 0 1 0 0 1398296270773053 1398296270784750 11697 5
9893539 0 1 0 0 1398296270804713 1398296270820573 15860 1
9922228 0 1 0 0 1398296270833402 1398296270841279 7877 5
9942593 0 1 0 0 1398296270853767 1398296270872900 19133 2
9971021 0 1 0 0 1398296270882195 1398296270892458 10263 5
10001797 0 1 0 0 1398296270912971 1398296270933502 20531 1
10033733 0 1 0 0 1398296270944907 1398296270954024 9117 5
10050570 0 1 0 0 1398296270961744 1398296270974608 12864 1
10081377 0 1 0 0 1398296270992551 1398296271005009 12458 5
10101896 0 1 0 0 1398296271013070 1398296271020769 7699 1
10122491 0 1 0 0 1398296271033665 1398296271041357 7692 5
10138846 0 1 0 0 1398296271050020 1398296271058246 8226 1
10158367 0 1 0 0 1398296271069541 1398296271080087 10546 5
10178924 0 1 0 0 1398296271090098 1398296271100112 10014 2
10198943 0 1 0 0 1398296271110117 1398296271128557 18440 5
10230685 0 1 0 0 1398296271141859 1398296271149401 7542 1
10245660 0 1 0 0 1398296271156834 1398296271169696 12862 5
10279006 0 1 0 0 1398296271190180 1398296271210329 20149 1
10317487 0 1 0 0 1398296271228661 1398296271236362 7701 5
10345725 0 1 0 0 1398296271256899 1398296271278396 21497 1
10367310 0 1 0 0 1398296271278484 1398296271290389 11905 5
10380906 0 1 0 0 1398296271292080 1398296271296279 4199 1
10388363 0 1 0 0 1398296271299537 1398296271303266 3729 5
10399351 0 1 0 0 1398296271310525 1398296271318498 7973 2
10417580 0 1 0 0 1398296271328754 1398296271336454 7700 5
10435505 0 1 0 0 1398296271346679 1398296271357065 10386 1
10455861 0 1 0 0 1398296271367035 1398296271390380 23345 5
10499448 0 1 0 0 1398296271410622 1398296271418639 8017 1
10517685 0 1 0 0 1398296271428859 1398296271439117 10258 5
10538205 0 1 0 0 1398296271449379 1398296271469911 20532 1
10579311 0 1 0 0 1398296271490485 1398296271500819 10334 5
10599594 0 1 0 0 1398296271510768 1398296271518700 7932 1
10609607 0 1 0 0 1398296271520781 1398296271528999 8218 5
10627607 0 1 0 0 1398296271538781 1398296271546922 8141 2
10645988 0 1 0 0 1398296271557162 1398296271564861 7699 5
10664651 0 1 0 0 1398296271575825 1398296271585436 9611 1
10687095 0 1 0 0 1398296271598269 1398296271618818 20549 5
10717880 0 1 0 0 1398296271629054 1398296271636745 7691 1
10737949 0 1 0 0 1398296271649123 1398296271657239 8116 5
10757964 0 1 0 0 1398296271669138 1398296271689218 20080 1
10798063 0 1 0 0 1398296271709237 1398296271729143 19906 5
10829175 0 1 0 0 1398296271740349 1398296271750945 10596 1
10858198 0 1 0 0 1398296271769372 1398296271784606 15234 5
10882204 0 1 0 0 1398296271793378 1398296271805468 12090 2
10914310 0 1 0 0 1398296271825484 1398296271845513 20029 5
10943495 0 1 0 0 1398296271854669 1398296271865168 10499 1
10964323 0 1 0 0 1398296271875497 1398296271884659 9162 5
10984436 0 1 0 0 1398296271895610 1398296271905671 10061 1
11002792 0 1 0 0 1398296271913966 1398296271925632 11666 5
11034483 0 1 0 0 1398296271945657 1398296271955209 9552 1
11045635 0 1 0 0 1398296271956809 1398296271965171 8362 5
11064002 0 1 0 0 1398296271975176 1398296271984767 9591 1
11082368 0 1 0 0 1398296271993542 1398296271997729 4187 5
11094077 0 1 0 0 1398296272005251 1398296272014054 8803 2
11114188 0 1 0 0 1398296272025362 1398296272034988 9626 5
11125717 0 1 0 0 1398296272036891 1398296272044229 7338 1
11148657 0 1 0 0 1398296272059831 1398296272075703 15872 5
11175622 0 1 0 0 1398296272086796 1398296272095744 8948 1
11194854 0 1 0 0 1398296272106028 1398296272114135 8107 5
11214865 0 1 0 0 1398296272126039 1398296272134654 8615 1
11234901 0 1 0 0 1398296272146075 1398296272166257 20182 5
11264106 0 1 0 0 1398296272175280 1398296272185547 10267 1
11294411 0 1 0 0 1398296272205585 1398296272225593 20008 5
11334433 0 1 0 0 1398296272245607 1398296272265389 19782 2
11364287 0 1 0 0 1398296272275461 1398296272285478 10017 5
11384624 0 1 0 0 1398296272295798 1398296272308467 12669 1
11426792 0 1 0 0 1398296272337966 1398296272357430 19464 5
11461392 0 1 0 0 1398296272372566 1398296272378898 6332 1
11473854 0 1 0 0 1398296272385028 1398296272397951 12923 5
11496344 0 1 0 0 1398296272407518 1398296272418015 10497 1
11517789 0 1 0 0 1398296272428963 1398296272433364 4401 5
11526574 0 1 0 0 1398296272437748 1398296272447718 9970 1
11546885 0 1 0 0 1398296272458059 1398296272466008 7949 5
11564854 0 1 0 0 1398296272476028 1398296272486361 10333 2
11587204 0 1 0 0 1398296272498378 1398296272506874 8496 5
11607181 0 1 0 0 1398296272518355 1398296272527494 9139 1
11626254 0 1 0 0 1398296272537428 1398296272547442 10014 5
11646274 0 1 0 0 1398296272557448 1398296272567459 10011 1
11666291 0 1 0 0 1398296272577465 1398296272586424 8959 5
11686366 0 1 0 0 1398296272597540 1398296272617563 20023 1
11716291 0 1 0 0 1398296272627465 1398296272633276 5811 5
11736421 0 1 0 0 1398296272647595 1398296272657596 10001 1
11754770 0 1 0 0 1398296272665944 1398296272677396 11452 5
11775332 0 1 0 0 1398296272686506 1398296272697680 11174 2
11795877 0 1 0 0 1398296272707051 1398296272717705 10654 5
11816387 0 1 0 0 1398296272727561 1398296272737773 10212 1
11836555 0 1 0 0 1398296272747729 1398296272757742 10013 5
11854869 0 1 0 0 1398296272766043 1398296272773722 7679 1
11872854 0 1 0 0 1398296272784028 1398296272787854 3826 5
11883123 0 1 0 0 1398296272794297 1398296272804554 10257 1
11903663 0 1 0 0 1398296272814837 1398296272824835 9998 5
11923666 0 1 0 0 1398296272834840 1398296272840960 6120 1
11931909 0 1 0 0 1398296272843083 1398296272844883 1800 5
11943685 0 1 0 0 1398296272854859 1398296272864865 10006 2
11956001 0 1 0 0 1398296272867175 1398296272874879 7704 5
11973763 0 1 0 0 1398296272884937 1398296272894958 10021 1
11990904 0 1 0 0 1398296272902078 1398296272914963 12885 5
12018155 0 1 0 0 1398296272929329 1398296272943141 13812 1
12052471 0 1 0 0 1398296272963645 1398296272975024 11379 5
12074929 0 1 0 0 1398296272986103 1398296272996216 10113 1
12088431 0 1 0 0 1398296272999605 1398296273005227 5622 5
12103850 0 1 0 0 1398296273015024 1398296273025171 10147 1
12124008 0 1 0 0 1398296273035182 1398296273045192 10010 5
12144026 0 1 0 0 1398296273055200 1398296273063758 8558 2
12164045 0 1 0 0 1398296273075219 1398296273085285 10066 5
12183391 0 1 0 0 1398296273094565 1398296273105295 10730 1
12203977 0 1 0 0 1398296273115151 1398296273135329 20178 5
12244182 0 1 0 0 1398296273155356 1398296273165367 10011 1
12260364 0 1 0 0 1398296273171538 1398296273185430 13892 5
12294292 0 1 0 0 1398296273205466 1398296273215476 10010 1
12309950 0 1 0 0 1398296273221124 1398296273235485 14361 5
12334312 0 1 0 0 1398296273245486 1398296273255491 10005 1
12354416 0 1 0 0 1398296273265590 1398296273268658 3068 5
12364380 0 1 0 0 1398296273275554 1398296273285615 10061 2
12383582 0 1 0 0 1398296273294756 1398296273305651 10895 5
12404105 0 1 0 0 1398296273315279 1398296273323010 7731 1
12424481 0 1 0 0 1398296273335655 1398296273345674 10019 5
12444500 0 1 0 0 1398296273355674 1398296273365708 10034 1
12464533 0 1 0 0 1398296273375707 1398296273385763 10056 5
12483693 0 1 0 0 1398296273394867 1398296273405780 10913 1
12504206 0 1 0 0 1398296273415380 1398296273425838 10458 5
12524645 0 1 0 0 1398296273435819 1398296273445823 10004 1
12544652 0 1 0 0 1398296273455826 1398296273465838 10012 5
12564678 0 1 0 0 1398296273475852 1398296273485904 10052 2
12583777 0 1 0 0 1398296273494951 1398296273505923 10972 5
12604435 0 1 0 0 1398296273515609 1398296273525303 9694 1
12624390 0 1 0 0 1398296273535564 1398296273545543 9979 5
12644370 0 1 0 0 1398296273555544 1398296273565556 10012 1
12664391 0 1 0 0 1398296273575565 1398296273585630 10065 5
12685004 0 1 0 0 1398296273596178 1398296273606966 10788 1
12704308 0 1 0 0 1398296273615482 1398296273618232 2750 5
12707917 0 1 0 0 1398296273619091 1398296273625431 6340 1
12724534 0 1 0 0 1398296273635708 1398296273645703 9995 5
12744549 0 1 0 0 1398296273655723 1398296273665724 10001 2
12764554 0 1 0 0 1398296273675728 1398296273685845 10117 5
12783829 0 1 0 0 1398296273695003 1398296273701275 6272 1
12804491 0 1 0 0 1398296273715665 1398296273735863 20198 5
12834684 0 1 0 0 1398296273745858 1398296273755869 10011 1
12854771 0 1 0 0 1398296273765945 1398296273775919 9974 5
12874809 0 1 0 0 1398296273785983 1398296273795243 9260 1
12894839 0 1 0 0 1398296273806013 1398296273815762 9749 5
12914848 0 1 0 0 1398296273826022 1398296273836035 10013 1
12934858 0 1 0 0 1398296273846032 1398296273856045 10013 5
12954874 0 1 0 0 1398296273866048 1398296273876058 10010 2
12974951 0 1 0 0 1398296273886125 1398296273895335 9210 5
12994965 0 1 0 0 1398296273906139 1398296273915858 9719 1
13015020 0 1 0 0 1398296273926194 1398296273936176 9982 5
13035005 0 1 0 0 1398296273946179 1398296273956188 10009 1
13055015 0 1 0 0 1398296273966189 1398296273976197 10008 5
13075097 0 1 0 0 1398296273986271 1398296273995431 9160 1
13089468 0 1 0 0 1398296274000642 1398296274007214 6572 5
13109477 0 1 0 0 1398296274020651 1398296274030665 10014 1
13127917 0 1 0 0 1398296274039091 1398296274050691 11600 5
13148391 0 1 0 0 1398296274059565 1398296274070704 11139 2
13168680 0 1 0 0 1398296274079854 1398296274091652 11798 5
13199684 0 1 0 0 1398296274110858 1398296274130875 20017 1
13229710 0 1 0 0 1398296274140884 1398296274150900 10016 5
13260615 0 1 0 0 1398296274171789 1398296274191034 19245 1
13301775 0 1 0 0 1398296274212949 1398296274230263 17314 5
13329964 0 1 0 0 1398296274241138 1398296274251121 9983 1
13350051 0 1 0 0 1398296274261225 1398296274271171 9946 5
13370058 0 1 0 0 1398296274281232 1398296274291251 10019 1
13390074 0 1 0 0 1398296274301248 1398296274311279 10031 5
13410092 0 1 0 0 1398296274321266 1398296274328997 7731 2
13427007 0 1 0 0 1398296274338181 1398296274350565 12384 5
13450137 0 1 0 0 1398296274361311 1398296274371490 10179 1
13470150 0 1 0 0 1398296274381324 1398296274393714 12390 5
13490229 0 1 0 0 1398296274401403 1398296274411445 10042 1
13510246 0 1 0 0 1398296274421420 1398296274431425 10005 5
13530275 0 1 0 0 1398296274441449 1398296274451487 10038 1
13550281 0 1 0 0 1398296274461455 1398296274471468 10013 5
13570293 0 1 0 0 1398296274481467 1398296274491534 10067 1
13590379 0 1 0 0 1398296274501553 1398296274511624 10071 5
13614981 0 1 0 0 1398296274526155 1398296274532663 6508 2
13631590 0 1 0 0 1398296274542764 1398296274552365 9601 5
13651614 0 1 0 0 1398296274562788 1398296274582811 20023 1
13681687 0 1 0 0 1398296274592861 1398296274602887 10026 5
13701708 0 1 0 0 1398296274612882 1398296274622892 10010 1
13731734 0 1 0 0 1398296274642908 1398296274662724 19816 5
13761761 0 1 0 0 1398296274672935 1398296274682954 10019 1
13781835 0 1 0 0 1398296274693009 1398296274703022 10013 5
13801861 0 1 0 0 1398296274713035 1398296274723035 10000 1
13831879 0 1 0 0 1398296274743053 1398296274763110 20057 5
13861929 0 1 0 0 1398296274773103 1398296274780784 7681 2
13877093 0 1 0 0 1398296274788267 1398296274798274 10007 5
13898184 0 1 0 0 1398296274809358 1398296274816108 6750 1
13913350 0 1 0 0 1398296274824524 1398296274828516 3992 5
13927230 0 1 0 0 1398296274838404 1398296274848403 9999 1
13943227 0 1 0 0 1398296274854401 1398296274868058 13657 5
13965641 0 1 0 0 1398296274876815 1398296274884445 7630 1
13981515 0 1 0 0 1398296274892689 1398296274908511 15822 5
14017350 0 1 0 0 1398296274928524 1398296274938543 10019 1
14037374 0 1 0 0 1398296274948548 1398296274958562 10014 5
14056955 0 1 0 0 1398296274968129 1398296274978492 10363 2
14073409 0 1 0 0 1398296274984583 1398296274992791 8208 5
14090503 0 1 0 0 1398296275001677 1398296275011617 9940 1
14110447 0 1 0 0 1398296275021621 1398296275031639 10018 5
14130468 0 1 0 0 1398296275041642 1398296275051653 10011 1
14150487 0 1 0 0 1398296275061661 1398296275071669 10008 5
14170511 0 1 0 0 1398296275081685 1398296275091743 10058 1
14190577 0 1 0 0 1398296275101751 1398296275111756 10005 5
14210597 0 1 0 0 1398296275121771 1398296275131789 10018 1
14230689 0 1 0 0 1398296275141863 1398296275151798 9935 5
14250627 0 1 0 0 1398296275161801 1398296275171829 10028 2
14270669 0 1 0 0 1398296275181843 1398296275191894 10051 5
14290740 0 1 0 0 1398296275201914 1398296275211958 10044 1
14310759 0 1 0 0 1398296275221933 1398296275231961 10028 5
14330775 0 1 0 0 1398296275241949 1398296275252042 10093 1
14360862 0 1 0 0 1398296275272036 1398296275292107 20071 5
14390934 0 1 0 0 1398296275302108 1398296275312122 10014 1
14410972 0 1 0 0 1398296275322146 1398296275332148 10002 5
14430978 0 1 0 0 1398296275342152 1398296275352154 10002 1
14450994 0 1 0 0 1398296275362168 1398296275372180 10012 5
14471020 0 1 0 0 1398296275382194 1398296275392258 10064 2
14491082 0 1 0 0 1398296275402256 1398296275412265 10009 5
14511100 0 1 0 0 1398296275422274 1398296275432290 10016 1
14531122 0 1 0 0 1398296275442296 1398296275452306 10010 5
14551132 0 1 0 0 1398296275462306 1398296275472321 10015 1
14571161 0 1 0 0 1398296275482335 1398296275492388 10053 5
14591293 0 1 0 0 1398296275502467 1398296275512436 9969 1
14611285 0 1 0 0 1398296275522459 1398296275532563 10104 5
14632255 0 1 0 0 1398296275543429 1398296275552001 8572 1
14657075 0 1 0 0 1398296275568249 1398296275578314 10065 5
14674234 0 1 0 0 1398296275585408 1398296275598334 12926 2
14697182 0 1 0 0 1398296275608356 1398296275618396 10040 5
14717246 0 1 0 0 1398296275628420 1398296275638424 10004 1
14737222 0 1 0 0 1398296275648396 1398296275658404 10008 5
14757234 0 1 0 0 1398296275668408 1398296275678512 10104 1
14774355 0 1 0 0 1398296275685529 1398296275688491 2962 5
14787475 0 1 0 0 1398296275698649 1398296275708506 9857 1
14807338 0 1 0 0 1398296275718512 1398296275728518 10006 5
14827366 0 1 0 0 1398296275738540 1398296275748615 10075 1
14845219 0 1 0 0 1398296275756393 1398296275762704 6311 5
14864432 0 1 0 0 1398296275775606 1398296275788661 13055 2
14888304 0 1 0 0 1398296275799478 1398296275809501 10023 5
14908327 0 1 0 0 1398296275819501 1398296275829529 10028 1
14928356 0 1 0 0 1398296275839530 1398296275849531 10001 5
14948373 0 1 0 0 1398296275859547 1398296275869547 10000 1
14964675 0 1 0 0 1398296275875849 1398296275885918 10069 5
14984671 0 1 0 0 1398296275895845 1398296275904908 9063 1
14998468 0 1 0 0 1398296275909642 1398296275917682 8040 5
15018482 0 1 0 0 1398296275929656 1398296275939730 10074 1
15038570 0 1 0 0 1398296275949744 1398296275969701 19957 5
15074768 0 1 0 0 1398296275985942 1398296275999846 13904 2
15098636 0 1 0 0 1398296276009810 1398296276019828 10018 5
15118657 0 1 0 0 1398296276029831 1398296276039853 10022 1
15138804 0 1 0 0 1398296276049978 1398296276056097 6119 5
15158816 0 1 0 0 1398296276069990 1398296276080047 10057 1
15174963 0 1 0 0 1398296276086137 1398296276101285 15148 5
15199144 0 1 0 0 1398296276110318 1398296276120309 9991 1
15219142 0 1 0 0 1398296276130316 1398296276140341 10025 5
15239168 0 1 0 0 1398296276150342 1398296276160340 9998 1
15259180 0 1 0 0 1398296276170354 1398296276178757 8403 5
15281693 0 1 0 0 1398296276192867 1398296276199980 7113 2
15296650 0 1 0 0 1398296276207824 1398296276225451 17627 5
15324281 0 1 0 0 1398296276235455 1398296276243937 8482 1
15349971 0 1 0 0 1398296276261145 1398296276276123 14978 5
15376249 0 1 0 0 1398296276287423 1398296276297516 10093 1
15392605 0 1 0 0 1398296276303779 1398296276314553 10774 5
15420618 0 1 0 0 1398296276331792 1398296276340011 8219 1
15445315 0 1 0 0 1398296276356489 1398296276376425 19936 5
15475260 0 1 0 0 1398296276386434 1398296276396513 10079 1
15495337 0 1 0 0 1398296276406511 1398296276416515 10004 5
15515343 0 1 0 0 1398296276426517 1398296276436536 10019 2
15535376 0 1 0 0 1398296276446550 1398296276456569 10019 5
15553996 0 1 0 0 1398296276465170 1398296276478699 13529 1
15577633 0 1 0 0 1398296276488807 1398296276509631 20824 5
15617665 0 1 0 0 1398296276528839 1398296276536238 7399 1
15647253 0 1 0 0 1398296276558427 1398296276572380 13953 5
15664562 0 1 0 0 1398296276575736 1398296276582436 6700 1
15675992 0 1 0 0 1398296276587166 1398296276592190 5024 5
15694532 0 1 0 0 1398296276605706 1398296276615732 10026 1
15714550 0 1 0 0 1398296276625724 1398296276635737 10013 5
15734568 0 1 0 0 1398296276645742 1398296276665770 20028 2
15774620 0 1 0 0 1398296276685794 1398296276695904 10110 5
15794675 0 1 0 0 1398296276705849 1398296276715868 10019 1
15814692 0 1 0 0 1398296276725866 1398296276735990 10124 5
15833570 0 1 0 0 1398296276744744 1398296276755168 10424 1
15848464 0 1 0 0 1398296276759638 1398296276765965 6327 5
15861226 0 1 0 0 1398296276772400 1398296276780096 7696 1
15883151 0 1 0 0 1398296276794325 1398296276804824 10499 5
15909290 0 1 0 0 1398296276820464 1398296276840483 20019 1
15939305 0 1 0 0 1398296276850479 1398296276860481 10002 5
15959329 0 1 0 0 1398296276870503 1398296276878932 8429 2
15977792 0 1 0 0 1398296276888966 1398296276900613 11647 5
15999559 0 1 0 0 1398296276910733 1398296276920602 9869 1
16019424 0 1 0 0 1398296276930598 1398296276940609 10011 5
16039447 0 1 0 0 1398296276950621 1398296276960628 10007 1
16059472 0 1 0 0 1398296276970646 1398296276979063 8417 5
16077529 0 1 0 0 1398296276988703 1398296276995735 7032 1
16089729 0 1 0 0 1398296277000903 1398296277008564 7661 5
16105080 0 1 0 0 1398296277016254 1398296277021394 5140 1
16120476 0 1 0 0 1398296277031650 1398296277042130 10480 5
16134388 0 1 0 0 1398296277045562 1398296277047135 1573 2
16150885 0 1 0 0 1398296277062059 1398296277083187 21128 5
16179737 0 1 0 0 1398296277090911 1398296277092442 1531 1
16184147 0 1 0 0 1398296277095321 1398296277102526 7205 5
16201052 0 1 0 0 1398296277112226 1398296277119312 7086 1
16211075 0 1 0 0 1398296277122249 1398296277132243 9994 5
16231085 0 1 0 0 1398296277142259 1398296277152263 10004 1
16251155 0 1 0 0 1398296277162329 1398296277172293 9964 5
16281185 0 1 0 0 1398296277192359 1398296277205382 13023 1
16301206 0 1 0 0 1398296277212380 1398296277222393 10013 5
16321286 0 1 0 0 1398296277232460 1398296277240670 8210 2
16341268 0 1 0 0 1398296277252442 1398296277262456 10014 5
16359558 0 1 0 0 1398296277270732 1398296277282471 11739 1
16381361 0 1 0 0 1398296277292535 1398296277302546 10011 5
16401585 0 1 0 0 1398296277312759 1398296277322573 9814 1
16421398 0 1 0 0 1398296277332572 1398296277342603 10031 5
16441418 0 1 0 0 1398296277352592 1398296277362600 10008 1
16461447 0 1 0 0 1398296277372621 1398296277382616 9995 5
16481506 0 1 0 0 1398296277392680 1398296277402704 10024 1
16501520 0 1 0 0 1398296277412694 1398296277422722 10028 5
16521541 0 1 0 0 1398296277432715 1398296277442733 10018 2
16541768 0 1 0 0 1398296277452942 1398296277462782 9840 5
16560769 0 1 0 0 1398296277471943 1398296277482856 10913 1
16581624 0 1 0 0 1398296277492798 1398296277499157 6359 5
16601076 0 1 0 0 1398296277512250 1398296277522913 10663 1
16621727 0 1 0 0 1398296277532901 1398296277541147 8246 5
16641752 0 1 0 0 1398296277552926 1398296277571176 18250 1
16671775 0 1 0 0 1398296277582949 1398296277589218 6269 5
16686115 0 1 0 0 1398296277597289 1398296277605301 8012 1
16704124 0 1 0 0 1398296277615298 1398296277627789 12491 5
16724143 0 1 0 0 1398296277635317 1398296277645332 10015 2
16753768 0 1 0 0 1398296277664942 1398296277682067 17125 5
16785933 0 1 0 0 1398296277697107 1398296277705485 8378 1
16804511 0 1 0 0 1398296277715685 1398296277731786 16101 5
16828325 0 1 0 0 1398296277739499 1398296277747756 8257 1
16844688 0 1 0 0 1398296277755862 1398296277771384 15522 5
16875902 0 1 0 0 1398296277787076 1398296277801456 14380 1
16910301 0 1 0 0 1398296277821475 1398296277831571 10096 5
16930355 0 1 0 0 1398296277841529 1398296277851532 10003 1
16950339 0 1 0 0 1398296277861513 1398296277871528 10015 5
16969227 0 1 0 0 1398296277880401 1398296277891555 11154 2
16990437 0 1 0 0 1398296277901611 1398296277911619 10008 5
17010452 0 1 0 0 1398296277921626 1398296277931691 10065 1
17030475 0 1 0 0 1398296277941649 1398296277951666 10017 5
17050495 0 1 0 0 1398296277961669 1398296277971748 10079 1
17070606 0 1 0 0 1398296277981780 1398296277991731 9951 5
17090625 0 1 0 0 1398296278001799 1398296278011794 9995 1
17110627 0 1 0 0 1398296278021801 1398296278031863 10062 5
17130649 0 1 0 0 1398296278041823 1398296278051846 10023 1
17150663 0 1 0 0 1398296278061837 1398296278071852 10015 5
17170687 0 1 0 0 1398296278081861 1398296278091871 10010 2
17190924 0 1 0 0 1398296278102098 1398296278112079 9981 5
17211088 0 1 0 0 1398296278122262 1398296278132102 9840 1
17230992 0 1 0 0 1398296278142166 1398296278152129 9963 5
17250947 0 1 0 0 1398296278162121 1398296278172149 10028 1
17272006 0 1 0 0 1398296278183180 1398296278192199 9019 5
17291099 0 1 0 0 1398296278202273 1398296278212296 10023 1
17311105 0 1 0 0 1398296278222279 1398296278232411 10132 5
17331267 0 1 0 0 1398296278242441 1398296278252386 9945 1
17351199 0 1 0 0 1398296278262373 1398296278272386 10013 5
17371219 0 1 0 0 1398296278282393 1398296278293769 11376 2
17389277 0 1 0 0 1398296278300451 1398296278302719 2268 5
17401364 0 1 0 0 1398296278312538 1398296278332534 19996 1
17441392 0 1 0 0 1398296278352566 1398296278372627 20061 5
17481412 0 1 0 0 1398296278392586 1398296278412671 20085 1
17521503 0 1 0 0 1398296278432677 1398296278442733 10056 5
17541523 0 1 0 0 1398296278452697 1398296278462716 10019 1
17561611 0 1 0 0 1398296278472785 1398296278482752 9967 5
17581586 0 1 0 0 1398296278492760 1398296278509109 16349 1
17611832 0 1 0 0 1398296278523006 1398296278534108 11102 5
17636729 0 1 0 0 1398296278547903 1398296278558164 10261 2
17657006 0 1 0 0 1398296278568180 1398296278578181 10001 5
17677019 0 1 0 0 1398296278588193 1398296278598202 10009 1
17697083 0 1 0 0 1398296278608257 1398296278618274 10017 5
17717100 0 1 0 0 1398296278628274 1398296278638051 9777 1
17737156 0 1 0 0 1398296278648330 1398296278658309 9979 5
17757149 0 1 0 0 1398296278668323 1398296278678329 10006 1
17777163 0 1 0 0 1398296278688337 1398296278698347 10010 5
17797241 0 1 0 0 1398296278708415 1398296278728492 20077 1
17833834 0 1 0 0 1398296278745008 1398296278755967 10959 5
17851789 0 1 0 0 1398296278762963 1398296278768509 5546 2
17862964 0 1 0 0 1398296278774138 1398296278788509 14371 5
17897389 0 1 0 0 1398296278808563 1398296278817675 9112 1
17907402 0 1 0 0 1398296278818576 1398296278828585 10009 5
17927414 0 1 0 0 1398296278838588 1398296278848638 10050 1
17951903 0 1 0 0 1398296278863077 1398296278868648 5571 5
17965719 0 1 0 0 1398296278876893 1398296278888671 11778 1
17988816 0 1 0 0 1398296278899990 1398296278909032 9042 5
18007813 0 1 0 0 1398296278918987 1398296278928822 9835 1
18027649 0 1 0 0 1398296278938823 1398296278947915 9092 5
18037707 0 1 0 0 1398296278948881 1398296278958176 9295 2
18057735 0 1 0 0 1398296278968909 1398296278976614 7705 5
18077740 0 1 0 0 1398296278988914 1398296278998874 9960 1
18096800 0 1 0 0 1398296279007974 1398296279018977 11003 5
18117796 0 1 0 0 1398296279028970 1398296279036359 7389 1
18137869 0 1 0 0 1398296279049043 1398296279058974 9931 5
18157801 0 1 0 0 1398296279068975 1398296279081886 12911 1
18177820 0 1 0 0 1398296279088994 1398296279099003 10009 5
18207897 0 1 0 0 1398296279119071 1398296279139103 20032 1
18237973 0 1 0 0 1398296279149147 1398296279159111 9964 5
18257939 0 1 0 0 1398296279169113 1398296279176634 7521 2
18278001 0 1 0 0 1398296279189175 1398296279199179 10004 5
18294079 0 1 0 0 1398296279205253 1398296279219279 14026 1
18328054 0 1 0 0 1398296279239228 1398296279249300 10072 5
18348060 0 1 0 0 1398296279259234 1398296279269238 10004 1
18364665 0 1 0 0 1398296279275839 1398296279289321 13482 5
18388141 0 1 0 0 1398296279299315 1398296279309324 10009 1
18408157 0 1 0 0 1398296279319331 1398296279329523 10192 5
18428190 0 1 0 0 1398296279339364 1398296279349361 9997 1
18448249 0 1 0 0 1398296279359423 1398296279369375 9952 5
18465583 0 1 0 0 1398296279376757 1398296279389456 12699 2
18498286 0 1 0 0 1398296279409460 1398296279419473 10013 5
18518302 0 1 0 0 1398296279429476 1398296279439494 10018 1
18538320 0 1 0 0 1398296279449494 1398296279459548 10054 5
18558338 0 1 0 0 1398296279469512 1398296279479520 10008 1
18578415 0 1 0 0 1398296279489589 1398296279500896 11307 5
18600553 0 1 0 0 1398296279511727 1398296279519747 8020 1
18617292 0 1 0 0 1398296279528466 1398296279539674 11208 5
18638486 0 1 0 0 1398296279549660 1398296279559749 10089 1
18658499 0 1 0 0 1398296279569673 1398296279579735 10062 5
18678579 0 1 0 0 1398296279589753 1398296279599753 10000 2
18698584 0 1 0 0 1398296279609758 1398296279619768 10010 5
18718601 0 1 0 0 1398296279629775 1398296279639794 10019 1
18738617 0 1 0 0 1398296279649791 1398296279659852 10061 5
18758634 0 1 0 0 1398296279669808 1398296279679817 10009 1
18776099 0 1 0 0 1398296279687273 1398296279699898 12625 5
18798735 0 1 0 0 1398296279709909 1398296279719979 10070 1
18818929 0 1 0 0 1398296279730103 1398296279739942 9839 5
18838759 0 1 0 0 1398296279749933 1398296279759941 10008 1
18864399 0 1 0 0 1398296279775573 1398296279785621 10048 5
18878860 0 1 0 0 1398296279790034 1398296279800029 9995 2
18898859 0 1 0 0 1398296279810033 1398296279820043 10010 5
18918886 0 1 0 0 1398296279830060 1398296279840074 10014 1
18938896 0 1 0 0 1398296279850070 1398296279860096 10026 5
18964553 0 1 0 0 1398296279875727 1398296279885792 10065 1
18978992 0 1 0 0 1398296279890166 1398296279900166 10000 5
18998998 0 1 0 0 1398296279910172 1398296279920181 10009 1
19019013 0 1 0 0 1398296279930187 1398296279940205 10018 5
19039031 0 1 0 0 1398296279950205 1398296279960279 10074 1
19059052 0 1 0 0 1398296279970226 1398296279980298 10072 5
19079126 0 1 0 0 1398296279990300 1398296280000303 10003 2
19104096 0 1 0 0 1398296280015270 1398296280030352 15082 5
19129206 0 1 0 0 1398296280040380 1398296280046425 6045 1
19149191 0 1 0 0 1398296280060365 1398296280070381 10016 5
19165231 0 1 0 0 1398296280076405 1398296280086098 9693 1
19189282 0 1 0 0 1398296280100456 1398296280113017 12561 5
19211669 0 1 0 0 1398296280122843 1398296280131300 8457 1
19228192 0 1 0 0 1398296280139366 1398296280150697 11331 5
19244449 0 1 0 0 1398296280155623 1398296280156186 563 1
19249392 0 1 0 0 1398296280160566 1398296280170645 10079 5
19265692 0 1 0 0 1398296280176866 1398296280180577 3711 2
19274668 0 1 0 0 1398296280185842 1398296280190652 4810 5
19289467 0 1 0 0 1398296280200641 1398296280211668 11027 1
19316174 0 1 0 0 1398296280227348 1398296280242145 14797 5
19336198 0 1 0 0 1398296280247372 1398296280253581 6209 1
19345044 0 1 0 0 1398296280256218 1398296280267754 11536 5
19375836 0 1 0 0 1398296280287010 1398296280297471 10461 1
19396508 0 1 0 0 1398296280307682 1398296280317637 9955 5
19416452 0 1 0 0 1398296280327626 1398296280337638 10012 1
19436494 0 1 0 0 1398296280347668 1398296280357657 9989 5
19456510 0 1 0 0 1398296280367684 1398296280387397 19713 2
19496592 0 1 0 0 1398296280407766 1398296280417764 9998 5
19516598 0 1 0 0 1398296280427772 1398296280437784 10012 1
19536620 0 1 0 0 1398296280447794 1398296280457887 10093 5
19548551 0 1 0 0 1398296280459725 1398296280467840 8115 1
19568755 0 1 0 0 1398296280479929 1398296280487859 7930 5
19583755 0 1 0 0 1398296280494929 1398296280504058 9129 1
19600112 0 1 0 0 1398296280511286 1398296280521562 10276 5
19613671 0 1 0 0 1398296280524845 1398296280528083 3238 1
19629375 0 1 0 0 1398296280540549 1398296280550608 10059 5
19646912 0 1 0 0 1398296280558086 1398296280568064 9978 2
19676901 0 1 0 0 1398296280588075 1398296280608148 20073 5
